1
100 3 5 7
5 100 5 5 4 4 5
2 8 2 16 16 8 16
8 5 10 4 20 8 2
12 3 15 60 1 20 4
32 1 32 8 8 2 8
50 10 5 10 2 5 10
15 1 5 30 6 10 30
8 20 20 1 8 40 2
40 1 2 5 5 5 2
10 2 1 4 40 10 5
10 50 2 5 1 1 5
15 30 15 6 5 1 5
4 8 2 32 4 1 16
8 10 2 2 4 2 20
5 4 20 20 10 10 2
3 27 3 3 3 27 3
9 3 3 9 1 9 3
5 1 1 5 2 10 15
2 3 1 8 6 4 12
2 1 3 1 12 6 3
8 4 2 8 4 4 2
3 2 1 2 2 12 2
4 3 3 36 12 3 9
1 1 20 10 20 2 20
1 12 60 4 60 3 60
25 125 5 125 25 25 5
3 1 12 1 4 12 6
4 8 2 2 4 2 4
12 5 1 4 3 1 15
20 10 40 8 40 8 4
5 5 1 5 25 3 1
20 5 5 25 25 5 25
4 8 1 8 2 2 16
36 12 4 12 4 1 36
1 6 6 6 4 2 1
8 8 2 2 4 16 4
4 20 20 80 20 1 20
1 10 3 1 2 15 15
4 4 4 1 4 4 12
4 24 1 8 12 2 6
5 20 15 4 15 5 4
12 1 4 6 6 4 2
4 8 24 8 4 8 2
10 5 10 1 50 10 1
1 3 4 3 6 1 2
2 4 4 6 2 2 4
1 4 5 5 1 25 20
3 18 3 9 6 3 3
5 100 20 20 100 20 5
2 6 1 9 6 3 3
6 2 2 12 4 1 6
24 24 8 8 8 24 3
3 1 5 5 15 15 5
20 1 80 80 4 1 4
24 4 1 6 6 1 6
2 4 1 1 4 1 16
10 4 10 4 4 10 1
2 8 2 1 8 4 1
36 12 12 12 12 3 12
100 20 25 4 5 5 100
3 9 9 9 9 9 27
6 3 6 6 18 2 3
5 1 10 5 2 50 5
5 5 5 5 1 25 10
10 20 10 2 1 2 5
125 25 25 5 25 5 5
4 3 1 1 15 3 12
4 4 4 2 20 4 2
1 1 32 8 1 4 2
6 9 1 6 1 6 3
16 4 16 64 4 64 4
60 15 15 5 1 60 5
3 15 1 9 3 5 15
4 20 5 40 1 8 20
15 3 25 1 1 3 25
12 20 5 3 3 1 1
16 4 4 64 16 64 4
15 1 5 15 1 5 1
5 3 10 30 15 10 1
4 32 4 8 4 4 4
3 6 1 6 18 18 18
4 3 9 4 9 4 36
4 9 3 12 9 12 12
5 1 4 4 12 1 20
20 4 4 80 1 20 16
3 24 1 2 8 24 6
2 1 5 40 10 1 4
3 1 2 5 5 3 10
5 5 1 2 2 50 2
12 2 3 2 2 1 4
12 20 15 60 60 12 20
16 8 16 32 1 8 8
20 25 1 20 20 5 100
2 2 3 1 2 1 2
16 1 4 4 80 16 80
20 40 20 20 8 5 5
2 10 2 20 2 10 4
24 6 3 6 1 6 24
2 1 10 10 5 1 5
2 6 6 6 3 24 1
